{
 "cells": [
  {
   "cell_type": "markdown",
   "metadata": {},
   "source": [
    "**Problem: 1**\n",
    "\n",
    "$\\min e^{x_1 x_2 x_3 x_4 x_5} - \\frac{1}{2} (x_1^3 + x_2^3 + 1)^2 \\text{ s.t. } x_1^2 + x_2^2 + x_3^3 + x_4^2 + x_5^2 -10 = 0$\n",
    "\n",
    "$x_2x_3 - 5x_4x_5 = 0$\n",
    "\n",
    "$x_1^3 + x_2^3 + 1 = 0$\n",
    "\n",
    "Starting points: $x_0 = \\set{-1.71, 1.59, 1.82, -0.763, -0.763}$\n",
    "\n",
    "Algorithm: Local SQP\n",
    "\n",
    "$$\n",
    "\\begin{aligned}\n",
    "&\\text{Choose an initial pair $(x_0, \\lambda_0)$; set $k \\leftarrow 0$.} \\\\\n",
    "&\\textbf{repeat} \\text{ until a convergence test is satisfied} \\\\\n",
    "&\\quad\\quad\\quad \\text{Evaluate $f_k$, $\\nabla f_k$, $\\nabla_{xx}^2 \\mathcal{L}_k$, $c_k$, and $A_k$;} \\\\\n",
    "&\\quad\\quad\\quad \\text{Solve $\\min\\limits_{p} f_k + \\nabla f_k^T p + \\frac{1}{2} p^T \\nabla_{xx}^2 \\mathcal{L}_k p$} \\\\\n",
    "&\\quad\\quad\\quad \\text{s.t. $A_k p + c_k = 0 \\text{ if} \\min f(x) \\text{ s. t. } c(x) = 0$ holds, to obtain $p_k$ and $l_k$;} \\\\\n",
    "&\\quad\\quad\\quad \\text{Set $x_{k+1} \\leftarrow x_k + p_k$ and $\\lambda_{k+1} \\leftarrow \\lambda_k + l_k$;} \\\\\n",
    "&\\textbf{end repeat}\n",
    "\\end{aligned}\n",
    "$$"
   ]
  },
  {
   "cell_type": "markdown",
   "metadata": {},
   "source": [
    "Local SQP in Detail:\n",
    "\n",
    "$\\min f(x) \\text{ s. t. } c(x) = 0 \\quad$ (18.1a, 18.1b)\n",
    "\n",
    "$\\mathcal{L}(x, \\lambda) = f(x) - \\lambda^T c(x) \\quad$\n",
    "\n",
    "$A(x)^T = [\\nabla c_1(x), \\nabla c_2(x), \\ldots, \\nabla c_m(x)] \\quad$ (18.2)\n",
    "\n",
    "$F(x, \\lambda) = \\begin{bmatrix} \\nabla f(x) - A(x)^T \\lambda \\\\ c(x) \\end{bmatrix} = 0 \\quad$ (18.3)\n",
    "\n",
    "$F^\\prime(x, \\lambda) = \\begin{bmatrix} \\nabla_{xx}^2 \\mathcal{L}(x, \\lambda) & -A(x)^T \\\\ A(x) & 0 \\end{bmatrix} \\quad$ (18.4) (Jacobian w.r.t. $x$ and $\\lambda$)\n",
    "\n",
    "$\\begin{bmatrix} x_{k+1} \\\\ \\lambda_{k+1} \\end{bmatrix} = \\begin{bmatrix} x_k \\\\ \\lambda_k \\end{bmatrix} + \\begin{bmatrix} p_k \\\\ p_\\lambda \\end{bmatrix} \\quad$ (18.5)\n",
    "\n",
    "$\\begin{bmatrix} \\nabla_{xx}^2 \\mathcal{L}_k & A_k^T \\\\ A_k & 0 \\end{bmatrix} \\begin{bmatrix} p_k \\\\ p_\\lambda \\end{bmatrix} = \\begin{bmatrix} -\\nabla f_k + A_k^T \\lambda_k \\\\ -c_k \\end{bmatrix} \\quad$ (Solve Newton-KKT system) (18.6)"
   ]
  },
  {
   "cell_type": "code",
   "execution_count": 1,
   "metadata": {},
   "outputs": [],
   "source": [
    "import numpy as np\n",
    "import sympy as sp\n",
    "from scipy.linalg import solve\n",
    "from cvxopt import matrix, solvers"
   ]
  },
  {
   "cell_type": "code",
   "execution_count": 2,
   "metadata": {},
   "outputs": [
    {
     "name": "stdout",
     "output_type": "stream",
     "text": [
      "Starting point [0 0 0 0 0]\n",
      "Iteration 1\n",
      "\n",
      "f_k = 0.500000000000000\n",
      "\n",
      "nabla f_k = [0. 0. 0. 0. 0.]\n",
      "\n",
      "nabla_xx^2 L_k = \n",
      "[[0. 0. 0. 0. 0.]\n",
      " [0. 0. 0. 0. 0.]\n",
      " [0. 0. 0. 0. 0.]\n",
      " [0. 0. 0. 0. 0.]\n",
      " [0. 0. 0. 0. 0.]]\n",
      "\n",
      "c_k = [-10.   0.   1.]\n",
      "\n",
      "A_k = \n",
      "[[0 0 0 0 0]\n",
      " [0 0 0 0 0]\n",
      " [0 0 0 0 0]]\n",
      "\n",
      "KKT_matrix = \n",
      "[[1.e-10 0.e+00 0.e+00 0.e+00 0.e+00 0.e+00 0.e+00 0.e+00]\n",
      " [0.e+00 1.e-10 0.e+00 0.e+00 0.e+00 0.e+00 0.e+00 0.e+00]\n",
      " [0.e+00 0.e+00 1.e-10 0.e+00 0.e+00 0.e+00 0.e+00 0.e+00]\n",
      " [0.e+00 0.e+00 0.e+00 1.e-10 0.e+00 0.e+00 0.e+00 0.e+00]\n",
      " [0.e+00 0.e+00 0.e+00 0.e+00 1.e-10 0.e+00 0.e+00 0.e+00]\n",
      " [0.e+00 0.e+00 0.e+00 0.e+00 0.e+00 0.e+00 0.e+00 0.e+00]\n",
      " [0.e+00 0.e+00 0.e+00 0.e+00 0.e+00 0.e+00 0.e+00 0.e+00]\n",
      " [0.e+00 0.e+00 0.e+00 0.e+00 0.e+00 0.e+00 0.e+00 0.e+00]]\n",
      "====================================================================================================\n",
      "Determinant of KKT matrix = 0!\n",
      "Solution did not converge!\n",
      "====================================================================================================\n",
      "Starting point [1 0 3 0 0]\n",
      "Iteration 1\n",
      "\n",
      "f_k = -1.00000000000000\n",
      "\n",
      "nabla f_k = [-6.  0.  0.  0.  0.]\n",
      "\n",
      "nabla_xx^2 L_k = \n",
      "[[-21.   0.   0.   0.   0.]\n",
      " [  0.   0.   0.   0.   0.]\n",
      " [  0.   0.   0.   0.   0.]\n",
      " [  0.   0.   0.   0.   0.]\n",
      " [  0.   0.   0.   0.   0.]]\n",
      "\n",
      "c_k = [18.  0.  2.]\n",
      "\n",
      "A_k = \n",
      "[[ 2  0 27  0  0]\n",
      " [ 0  3  0  0  0]\n",
      " [ 3  0  0  0  0]]\n",
      "\n",
      "KKT_matrix = \n",
      "[[-2.1e+01  0.0e+00  0.0e+00  0.0e+00  0.0e+00 -2.0e+00  0.0e+00 -3.0e+00]\n",
      " [ 0.0e+00  1.0e-10  0.0e+00  0.0e+00  0.0e+00  0.0e+00 -3.0e+00  0.0e+00]\n",
      " [ 0.0e+00  0.0e+00  1.0e-10  0.0e+00  0.0e+00 -2.7e+01  0.0e+00  0.0e+00]\n",
      " [ 0.0e+00  0.0e+00  0.0e+00  1.0e-10  0.0e+00  0.0e+00  0.0e+00  0.0e+00]\n",
      " [ 0.0e+00  0.0e+00  0.0e+00  0.0e+00  1.0e-10  0.0e+00  0.0e+00  0.0e+00]\n",
      " [ 2.0e+00  0.0e+00  2.7e+01  0.0e+00  0.0e+00  0.0e+00  0.0e+00  0.0e+00]\n",
      " [ 0.0e+00  3.0e+00  0.0e+00  0.0e+00  0.0e+00  0.0e+00  0.0e+00  0.0e+00]\n",
      " [ 3.0e+00  0.0e+00  0.0e+00  0.0e+00  0.0e+00  0.0e+00  0.0e+00  0.0e+00]]\n",
      "====================================================================================================\n",
      "Iteration 2\n",
      "\n",
      "f_k = 0.462277091906722\n",
      "\n",
      "nabla f_k = [-0.34567901  0.          0.          0.          0.        ]\n",
      "\n",
      "nabla_xx^2 L_k = \n",
      "[[-7.51851852e+00  0.00000000e+00  0.00000000e+00  0.00000000e+00\n",
      "   0.00000000e+00]\n",
      " [ 0.00000000e+00  4.57247371e-12  0.00000000e+00  0.00000000e+00\n",
      "   0.00000000e+00]\n",
      " [ 0.00000000e+00  0.00000000e+00  3.26847195e-11  0.00000000e+00\n",
      "   0.00000000e+00]\n",
      " [ 0.00000000e+00  0.00000000e+00  0.00000000e+00  4.57247371e-12\n",
      "   0.00000000e+00]\n",
      " [ 0.00000000e+00  0.00000000e+00  0.00000000e+00  0.00000000e+00\n",
      "   4.57247371e-12]]\n",
      "\n",
      "c_k = [3.63859017 0.         1.03703704]\n",
      "\n",
      "A_k = \n",
      "[[ 0.66666667  0.         17.03200732  0.          0.        ]\n",
      " [ 0.          2.38271605  0.         -0.         -0.        ]\n",
      " [ 0.33333333  0.          0.          0.          0.        ]]\n",
      "\n",
      "KKT_matrix = \n",
      "[[-7.51851852e+00  0.00000000e+00  0.00000000e+00  0.00000000e+00\n",
      "   0.00000000e+00 -6.66666667e-01 -0.00000000e+00 -3.33333333e-01]\n",
      " [ 0.00000000e+00  1.04572474e-10  0.00000000e+00  0.00000000e+00\n",
      "   0.00000000e+00 -0.00000000e+00 -2.38271605e+00 -0.00000000e+00]\n",
      " [ 0.00000000e+00  0.00000000e+00  1.32684719e-10  0.00000000e+00\n",
      "   0.00000000e+00 -1.70320073e+01 -0.00000000e+00 -0.00000000e+00]\n",
      " [ 0.00000000e+00  0.00000000e+00  0.00000000e+00  1.04572474e-10\n",
      "   0.00000000e+00 -0.00000000e+00  0.00000000e+00 -0.00000000e+00]\n",
      " [ 0.00000000e+00  0.00000000e+00  0.00000000e+00  0.00000000e+00\n",
      "   1.04572474e-10 -0.00000000e+00  0.00000000e+00 -0.00000000e+00]\n",
      " [ 6.66666667e-01  0.00000000e+00  1.70320073e+01  0.00000000e+00\n",
      "   0.00000000e+00  0.00000000e+00  0.00000000e+00  0.00000000e+00]\n",
      " [ 0.00000000e+00  2.38271605e+00  0.00000000e+00 -0.00000000e+00\n",
      "  -0.00000000e+00  0.00000000e+00  0.00000000e+00  0.00000000e+00]\n",
      " [ 3.33333333e-01  0.00000000e+00  0.00000000e+00  0.00000000e+00\n",
      "   0.00000000e+00  0.00000000e+00  0.00000000e+00  0.00000000e+00]]\n",
      "====================================================================================================\n",
      "Iteration 3\n",
      "\n",
      "f_k = -207.763358491348\n",
      "\n",
      "nabla f_k = [472.99700249   0.          -0.          -0.          -0.        ]\n",
      "\n",
      "nabla_xx^2 L_k = \n",
      "[[ 2.75868770e+02  0.00000000e+00  0.00000000e+00  0.00000000e+00\n",
      "   0.00000000e+00]\n",
      " [ 0.00000000e+00  1.43119652e-12  0.00000000e+00 -0.00000000e+00\n",
      "  -0.00000000e+00]\n",
      " [ 0.00000000e+00  0.00000000e+00  9.83600676e-12 -0.00000000e+00\n",
      "  -0.00000000e+00]\n",
      " [ 0.00000000e+00 -0.00000000e+00 -0.00000000e+00  1.43119652e-12\n",
      "   0.00000000e+00]\n",
      " [ 0.00000000e+00 -0.00000000e+00 -0.00000000e+00  0.00000000e+00\n",
      "   1.43119652e-12]]\n",
      "\n",
      "c_k = [  9.7385518    0.         -20.43347051]\n",
      "\n",
      "A_k = \n",
      "[[-5.55555556  0.         15.7440999   0.          0.        ]\n",
      " [ 0.          2.29085864  0.         -0.         -0.        ]\n",
      " [23.14814815  0.          0.          0.          0.        ]]\n",
      "\n",
      "KKT_matrix = \n",
      "[[ 2.75868770e+02  0.00000000e+00  0.00000000e+00  0.00000000e+00\n",
      "   0.00000000e+00  5.55555556e+00 -0.00000000e+00 -2.31481481e+01]\n",
      " [ 0.00000000e+00  1.01431197e-10  0.00000000e+00  0.00000000e+00\n",
      "   0.00000000e+00 -0.00000000e+00 -2.29085864e+00 -0.00000000e+00]\n",
      " [ 0.00000000e+00  0.00000000e+00  1.09836007e-10  0.00000000e+00\n",
      "   0.00000000e+00 -1.57440999e+01 -0.00000000e+00 -0.00000000e+00]\n",
      " [ 0.00000000e+00  0.00000000e+00  0.00000000e+00  1.01431197e-10\n",
      "   0.00000000e+00 -0.00000000e+00  0.00000000e+00 -0.00000000e+00]\n",
      " [ 0.00000000e+00  0.00000000e+00  0.00000000e+00  0.00000000e+00\n",
      "   1.01431197e-10 -0.00000000e+00  0.00000000e+00 -0.00000000e+00]\n",
      " [-5.55555556e+00  0.00000000e+00  1.57440999e+01  0.00000000e+00\n",
      "   0.00000000e+00  0.00000000e+00  0.00000000e+00  0.00000000e+00]\n",
      " [ 0.00000000e+00  2.29085864e+00  0.00000000e+00 -0.00000000e+00\n",
      "  -0.00000000e+00  0.00000000e+00  0.00000000e+00  0.00000000e+00]\n",
      " [ 2.31481481e+01  0.00000000e+00  0.00000000e+00  0.00000000e+00\n",
      "   0.00000000e+00  0.00000000e+00  0.00000000e+00  0.00000000e+00]]\n",
      "====================================================================================================\n",
      "Iteration 4\n",
      "\n",
      "f_k = -15.8522111729763\n",
      "\n",
      "nabla f_k = [62.54705902  0.         -0.         -0.         -0.        ]\n",
      "\n",
      "nabla_xx^2 L_k = \n",
      "[[ 1.69866837e+02  0.00000000e+00  0.00000000e+00  0.00000000e+00\n",
      "   0.00000000e+00]\n",
      " [ 0.00000000e+00  4.28442276e-12  0.00000000e+00 -0.00000000e+00\n",
      "  -0.00000000e+00]\n",
      " [ 0.00000000e+00  0.00000000e+00  2.54981854e-11 -0.00000000e+00\n",
      "  -0.00000000e+00]\n",
      " [ 0.00000000e+00 -0.00000000e+00 -0.00000000e+00  4.28442276e-12\n",
      "   0.00000000e+00]\n",
      " [ 0.00000000e+00 -0.00000000e+00 -0.00000000e+00  0.00000000e+00\n",
      "   4.28442276e-12]]\n",
      "\n",
      "c_k = [ 1.39827417  0.         -5.80555099]\n",
      "\n",
      "A_k = \n",
      "[[-3.7901037   0.         11.80626862  0.          0.        ]\n",
      " [ 0.          1.98379003  0.         -0.         -0.        ]\n",
      " [10.77366456  0.          0.          0.          0.        ]]\n",
      "\n",
      "KKT_matrix = \n",
      "[[ 1.69866837e+02  0.00000000e+00  0.00000000e+00  0.00000000e+00\n",
      "   0.00000000e+00  3.79010370e+00 -0.00000000e+00 -1.07736646e+01]\n",
      " [ 0.00000000e+00  1.04284423e-10  0.00000000e+00  0.00000000e+00\n",
      "   0.00000000e+00 -0.00000000e+00 -1.98379003e+00 -0.00000000e+00]\n",
      " [ 0.00000000e+00  0.00000000e+00  1.25498185e-10  0.00000000e+00\n",
      "   0.00000000e+00 -1.18062686e+01 -0.00000000e+00 -0.00000000e+00]\n",
      " [ 0.00000000e+00  0.00000000e+00  0.00000000e+00  1.04284423e-10\n",
      "   0.00000000e+00 -0.00000000e+00  0.00000000e+00 -0.00000000e+00]\n",
      " [ 0.00000000e+00  0.00000000e+00  0.00000000e+00  0.00000000e+00\n",
      "   1.04284423e-10 -0.00000000e+00  0.00000000e+00 -0.00000000e+00]\n",
      " [-3.79010370e+00  0.00000000e+00  1.18062686e+01  0.00000000e+00\n",
      "   0.00000000e+00  0.00000000e+00  0.00000000e+00  0.00000000e+00]\n",
      " [ 0.00000000e+00  1.98379003e+00  0.00000000e+00 -0.00000000e+00\n",
      "  -0.00000000e+00  0.00000000e+00  0.00000000e+00  0.00000000e+00]\n",
      " [ 1.07736646e+01  0.00000000e+00  0.00000000e+00  0.00000000e+00\n",
      "   0.00000000e+00  0.00000000e+00  0.00000000e+00  0.00000000e+00]]\n",
      "====================================================================================================\n",
      "Iteration 5\n",
      "\n",
      "f_k = -0.116551047031228\n",
      "\n",
      "nabla f_k = [ 8.2454543  0.        -0.        -0.        -0.       ]\n",
      "\n",
      "nabla_xx^2 L_k = \n",
      "[[ 7.37700588e+01  0.00000000e+00  0.00000000e+00  0.00000000e+00\n",
      "   0.00000000e+00]\n",
      " [ 0.00000000e+00 -1.15979714e-12  0.00000000e+00 -0.00000000e+00\n",
      "  -0.00000000e+00]\n",
      " [ 0.00000000e+00  0.00000000e+00 -7.09219698e-12 -0.00000000e+00\n",
      "  -0.00000000e+00]\n",
      " [ 0.00000000e+00 -0.00000000e+00 -0.00000000e+00 -1.15979714e-12\n",
      "   0.00000000e+00]\n",
      " [ 0.00000000e+00 -0.00000000e+00 -0.00000000e+00  0.00000000e+00\n",
      "  -1.15979714e-12]]\n",
      "\n",
      "c_k = [ 0.30825003  0.         -1.49435675]\n",
      "\n",
      "A_k = \n",
      "[[-2.71237366  0.         12.46454012  0.          0.        ]\n",
      " [ 0.          2.03834411  0.         -0.         -0.        ]\n",
      " [ 5.51772815  0.          0.          0.          0.        ]]\n",
      "\n",
      "KKT_matrix = \n",
      "[[ 7.37700588e+01  0.00000000e+00  0.00000000e+00  0.00000000e+00\n",
      "   0.00000000e+00  2.71237366e+00 -0.00000000e+00 -5.51772815e+00]\n",
      " [ 0.00000000e+00  9.88402029e-11  0.00000000e+00  0.00000000e+00\n",
      "   0.00000000e+00 -0.00000000e+00 -2.03834411e+00 -0.00000000e+00]\n",
      " [ 0.00000000e+00  0.00000000e+00  9.29078030e-11  0.00000000e+00\n",
      "   0.00000000e+00 -1.24645401e+01 -0.00000000e+00 -0.00000000e+00]\n",
      " [ 0.00000000e+00  0.00000000e+00  0.00000000e+00  9.88402029e-11\n",
      "   0.00000000e+00 -0.00000000e+00  0.00000000e+00 -0.00000000e+00]\n",
      " [ 0.00000000e+00  0.00000000e+00  0.00000000e+00  0.00000000e+00\n",
      "   9.88402029e-11 -0.00000000e+00  0.00000000e+00 -0.00000000e+00]\n",
      " [-2.71237366e+00  0.00000000e+00  1.24645401e+01  0.00000000e+00\n",
      "   0.00000000e+00  0.00000000e+00  0.00000000e+00  0.00000000e+00]\n",
      " [ 0.00000000e+00  2.03834411e+00  0.00000000e+00 -0.00000000e+00\n",
      "  -0.00000000e+00  0.00000000e+00  0.00000000e+00  0.00000000e+00]\n",
      " [ 5.51772815e+00  0.00000000e+00  0.00000000e+00  0.00000000e+00\n",
      "   0.00000000e+00  0.00000000e+00  0.00000000e+00  0.00000000e+00]]\n",
      "====================================================================================================\n",
      "Iteration 6\n",
      "\n",
      "f_k = 0.961203312914790\n",
      "\n",
      "nabla f_k = [ 0.98441914  0.         -0.         -0.         -0.        ]\n",
      "\n",
      "nabla_xx^2 L_k = \n",
      "[[ 1.90079570e+01  0.00000000e+00  0.00000000e+00  0.00000000e+00\n",
      "   0.00000000e+00]\n",
      " [ 0.00000000e+00 -5.09897784e-13  0.00000000e+00 -0.00000000e+00\n",
      "  -0.00000000e+00]\n",
      " [ 0.00000000e+00  0.00000000e+00 -3.17036310e-12 -0.00000000e+00\n",
      "  -0.00000000e+00]\n",
      " [ 0.00000000e+00 -0.00000000e+00 -0.00000000e+00 -5.09897784e-13\n",
      "   0.00000000e+00]\n",
      " [ 0.00000000e+00 -0.00000000e+00 -0.00000000e+00  0.00000000e+00\n",
      "  -5.09897784e-13]]\n",
      "\n",
      "c_k = [ 0.08054204  0.         -0.27855587]\n",
      "\n",
      "A_k = \n",
      "[[-2.17071713  0.         12.88636729  0.          0.        ]\n",
      " [ 0.          2.07254813  0.         -0.         -0.        ]\n",
      " [ 3.53400963  0.          0.          0.          0.        ]]\n",
      "\n",
      "KKT_matrix = \n",
      "[[ 1.90079570e+01  0.00000000e+00  0.00000000e+00  0.00000000e+00\n",
      "   0.00000000e+00  2.17071713e+00 -0.00000000e+00 -3.53400963e+00]\n",
      " [ 0.00000000e+00  9.94901022e-11  0.00000000e+00  0.00000000e+00\n",
      "   0.00000000e+00 -0.00000000e+00 -2.07254813e+00 -0.00000000e+00]\n",
      " [ 0.00000000e+00  0.00000000e+00  9.68296369e-11  0.00000000e+00\n",
      "   0.00000000e+00 -1.28863673e+01 -0.00000000e+00 -0.00000000e+00]\n",
      " [ 0.00000000e+00  0.00000000e+00  0.00000000e+00  9.94901022e-11\n",
      "   0.00000000e+00 -0.00000000e+00  0.00000000e+00 -0.00000000e+00]\n",
      " [ 0.00000000e+00  0.00000000e+00  0.00000000e+00  0.00000000e+00\n",
      "   9.94901022e-11 -0.00000000e+00  0.00000000e+00 -0.00000000e+00]\n",
      " [-2.17071713e+00  0.00000000e+00  1.28863673e+01  0.00000000e+00\n",
      "   0.00000000e+00  0.00000000e+00  0.00000000e+00  0.00000000e+00]\n",
      " [ 0.00000000e+00  2.07254813e+00  0.00000000e+00 -0.00000000e+00\n",
      "  -0.00000000e+00  0.00000000e+00  0.00000000e+00  0.00000000e+00]\n",
      " [ 3.53400963e+00  0.00000000e+00  0.00000000e+00  0.00000000e+00\n",
      "   0.00000000e+00  0.00000000e+00  0.00000000e+00  0.00000000e+00]]\n",
      "====================================================================================================\n",
      "Iteration 7\n",
      "\n",
      "f_k = 0.999805171587724\n",
      "\n",
      "nabla f_k = [ 0.05999595  0.         -0.         -0.         -0.        ]\n",
      "\n",
      "nabla_xx^2 L_k = \n",
      "[[-5.11428977e+00  0.00000000e+00  0.00000000e+00  0.00000000e+00\n",
      "   0.00000000e+00]\n",
      " [ 0.00000000e+00 -1.05608728e-13  0.00000000e+00 -0.00000000e+00\n",
      "  -0.00000000e+00]\n",
      " [ 0.00000000e+00  0.00000000e+00 -6.58863964e-13 -0.00000000e+00\n",
      "  -0.00000000e+00]\n",
      " [ 0.00000000e+00 -0.00000000e+00 -0.00000000e+00 -1.05608728e-13\n",
      "   0.00000000e+00]\n",
      " [ 0.00000000e+00 -0.00000000e+00 -0.00000000e+00  0.00000000e+00\n",
      "  -1.05608728e-13]]\n",
      "\n",
      "c_k = [ 0.00652022  0.         -0.01973973]\n",
      "\n",
      "A_k = \n",
      "[[-2.01307416  0.         12.97390266  0.          0.        ]\n",
      " [ 0.          2.07957549  0.         -0.         -0.        ]\n",
      " [ 3.0393507   0.          0.          0.          0.        ]]\n",
      "\n",
      "KKT_matrix = \n",
      "[[-5.11428977e+00  0.00000000e+00  0.00000000e+00  0.00000000e+00\n",
      "   0.00000000e+00  2.01307416e+00 -0.00000000e+00 -3.03935070e+00]\n",
      " [ 0.00000000e+00  9.98943913e-11  0.00000000e+00  0.00000000e+00\n",
      "   0.00000000e+00 -0.00000000e+00 -2.07957549e+00 -0.00000000e+00]\n",
      " [ 0.00000000e+00  0.00000000e+00  9.93411360e-11  0.00000000e+00\n",
      "   0.00000000e+00 -1.29739027e+01 -0.00000000e+00 -0.00000000e+00]\n",
      " [ 0.00000000e+00  0.00000000e+00  0.00000000e+00  9.98943913e-11\n",
      "   0.00000000e+00 -0.00000000e+00  0.00000000e+00 -0.00000000e+00]\n",
      " [ 0.00000000e+00  0.00000000e+00  0.00000000e+00  0.00000000e+00\n",
      "   9.98943913e-11 -0.00000000e+00  0.00000000e+00 -0.00000000e+00]\n",
      " [-2.01307416e+00  0.00000000e+00  1.29739027e+01  0.00000000e+00\n",
      "   0.00000000e+00  0.00000000e+00  0.00000000e+00  0.00000000e+00]\n",
      " [ 0.00000000e+00  2.07957549e+00  0.00000000e+00 -0.00000000e+00\n",
      "  -0.00000000e+00  0.00000000e+00  0.00000000e+00  0.00000000e+00]\n",
      " [ 3.03935070e+00  0.00000000e+00  0.00000000e+00  0.00000000e+00\n",
      "   0.00000000e+00  0.00000000e+00  0.00000000e+00  0.00000000e+00]]\n",
      "====================================================================================================\n",
      "Iteration 8\n",
      "\n",
      "f_k = 0.999999991923128\n",
      "\n",
      "nabla f_k = [ 0.00038132  0.         -0.         -0.         -0.        ]\n",
      "\n",
      "nabla_xx^2 L_k = \n",
      "[[-8.94941886e+00  0.00000000e+00  0.00000000e+00  0.00000000e+00\n",
      "   0.00000000e+00]\n",
      " [ 0.00000000e+00 -7.73628866e-15  0.00000000e+00 -0.00000000e+00\n",
      "  -0.00000000e+00]\n",
      " [ 0.00000000e+00  0.00000000e+00 -4.82763134e-14 -0.00000000e+00\n",
      "  -0.00000000e+00]\n",
      " [ 0.00000000e+00 -0.00000000e+00 -0.00000000e+00 -7.73628866e-15\n",
      "   0.00000000e+00]\n",
      " [ 0.00000000e+00 -0.00000000e+00 -0.00000000e+00  0.00000000e+00\n",
      "  -7.73628866e-15]]\n",
      "\n",
      "c_k = [ 4.37736480e-05  0.00000000e+00 -1.27097377e-04]\n",
      "\n",
      "A_k = \n",
      "[[-2.00008473  0.         12.98020675  0.          0.        ]\n",
      " [ 0.          2.08008067  0.         -0.         -0.        ]\n",
      " [ 3.00025419  0.          0.          0.          0.        ]]\n",
      "\n",
      "KKT_matrix = \n",
      "[[-8.94941886e+00  0.00000000e+00  0.00000000e+00  0.00000000e+00\n",
      "   0.00000000e+00  2.00008473e+00 -0.00000000e+00 -3.00025419e+00]\n",
      " [ 0.00000000e+00  9.99922637e-11  0.00000000e+00  0.00000000e+00\n",
      "   0.00000000e+00 -0.00000000e+00 -2.08008067e+00 -0.00000000e+00]\n",
      " [ 0.00000000e+00  0.00000000e+00  9.99517237e-11  0.00000000e+00\n",
      "   0.00000000e+00 -1.29802068e+01 -0.00000000e+00 -0.00000000e+00]\n",
      " [ 0.00000000e+00  0.00000000e+00  0.00000000e+00  9.99922637e-11\n",
      "   0.00000000e+00 -0.00000000e+00  0.00000000e+00 -0.00000000e+00]\n",
      " [ 0.00000000e+00  0.00000000e+00  0.00000000e+00  0.00000000e+00\n",
      "   9.99922637e-11 -0.00000000e+00  0.00000000e+00 -0.00000000e+00]\n",
      " [-2.00008473e+00  0.00000000e+00  1.29802068e+01  0.00000000e+00\n",
      "   0.00000000e+00  0.00000000e+00  0.00000000e+00  0.00000000e+00]\n",
      " [ 0.00000000e+00  2.08008067e+00  0.00000000e+00 -0.00000000e+00\n",
      "  -0.00000000e+00  0.00000000e+00  0.00000000e+00  0.00000000e+00]\n",
      " [ 3.00025419e+00  0.00000000e+00  0.00000000e+00  0.00000000e+00\n",
      "   0.00000000e+00  0.00000000e+00  0.00000000e+00  0.00000000e+00]]\n",
      "====================================================================================================\n",
      "Iteration 9\n",
      "\n",
      "f_k = 1.00000000000000\n",
      "\n",
      "nabla f_k = [ 1.61514622e-08  0.00000000e+00 -0.00000000e+00 -0.00000000e+00\n",
      " -0.00000000e+00]\n",
      "\n",
      "nabla_xx^2 L_k = \n",
      "[[-8.99999568e+00  0.00000000e+00  0.00000000e+00  0.00000000e+00\n",
      "   0.00000000e+00]\n",
      " [ 0.00000000e+00 -4.85911379e-17  0.00000000e+00 -0.00000000e+00\n",
      "  -0.00000000e+00]\n",
      " [ 0.00000000e+00  0.00000000e+00 -3.03220920e-16 -0.00000000e+00\n",
      "  -0.00000000e+00]\n",
      " [ 0.00000000e+00 -0.00000000e+00 -0.00000000e+00 -4.85911379e-17\n",
      "   0.00000000e+00]\n",
      " [ 0.00000000e+00 -0.00000000e+00 -0.00000000e+00  0.00000000e+00\n",
      "  -4.85911379e-17]]\n",
      "\n",
      "c_k = [ 1.85668192e-09  0.00000000e+00 -5.38382072e-09]\n",
      "\n",
      "A_k = \n",
      "[[-2.          0.         12.98024613  0.          0.        ]\n",
      " [ 0.          2.08008382  0.         -0.         -0.        ]\n",
      " [ 3.00000001  0.          0.          0.          0.        ]]\n",
      "\n",
      "KKT_matrix = \n",
      "[[-8.99999568e+00  0.00000000e+00  0.00000000e+00  0.00000000e+00\n",
      "   0.00000000e+00  2.00000000e+00 -0.00000000e+00 -3.00000001e+00]\n",
      " [ 0.00000000e+00  9.99999514e-11  0.00000000e+00  0.00000000e+00\n",
      "   0.00000000e+00 -0.00000000e+00 -2.08008382e+00 -0.00000000e+00]\n",
      " [ 0.00000000e+00  0.00000000e+00  9.99996968e-11  0.00000000e+00\n",
      "   0.00000000e+00 -1.29802461e+01 -0.00000000e+00 -0.00000000e+00]\n",
      " [ 0.00000000e+00  0.00000000e+00  0.00000000e+00  9.99999514e-11\n",
      "   0.00000000e+00 -0.00000000e+00  0.00000000e+00 -0.00000000e+00]\n",
      " [ 0.00000000e+00  0.00000000e+00  0.00000000e+00  0.00000000e+00\n",
      "   9.99999514e-11 -0.00000000e+00  0.00000000e+00 -0.00000000e+00]\n",
      " [-2.00000000e+00  0.00000000e+00  1.29802461e+01  0.00000000e+00\n",
      "   0.00000000e+00  0.00000000e+00  0.00000000e+00  0.00000000e+00]\n",
      " [ 0.00000000e+00  2.08008382e+00  0.00000000e+00 -0.00000000e+00\n",
      "  -0.00000000e+00  0.00000000e+00  0.00000000e+00  0.00000000e+00]\n",
      " [ 3.00000001e+00  0.00000000e+00  0.00000000e+00  0.00000000e+00\n",
      "   0.00000000e+00  0.00000000e+00  0.00000000e+00  0.00000000e+00]]\n",
      "====================================================================================================\n",
      "Converged @ 9 iterations\n",
      "x* = [-1.          0.          2.08008382  0.          0.        ]\n",
      "====================================================================================================\n",
      "Starting point [-1.71   1.59   1.82  -0.763 -0.763]\n",
      "Iteration 1\n",
      "\n",
      "f_k = 0.0559001518640829\n",
      "\n",
      "nabla f_k = [-0.07628598 -0.24927587 -0.08878203  0.21177365  0.21177365]\n",
      "\n",
      "nabla_xx^2 L_k = \n",
      "[[-76.59430727 -66.64353042  -0.09765005   0.23292673   0.23292673]\n",
      " [-66.64353042 -57.5232119    0.10501987  -0.2505061   -0.2505061 ]\n",
      " [ -0.09765005   0.10501987   0.14052946  -0.21884874  -0.21884874]\n",
      " [  0.23292673  -0.2505061   -0.21884874   0.79957844   0.52202452]\n",
      " [  0.23292673  -0.2505061   -0.21884874   0.52202452   0.79957844]]\n",
      "\n",
      "c_k = [ 2.645106 -0.017045  0.019468]\n",
      "\n",
      "A_k = \n",
      "[[-3.42    3.18    9.9372 -1.526  -1.526 ]\n",
      " [ 0.      1.82    1.59    3.815   3.815 ]\n",
      " [ 8.7723  7.5843  0.      0.      0.    ]]\n",
      "\n",
      "KKT_matrix = \n",
      "[[-76.59430727 -66.64353042  -0.09765005   0.23292673   0.23292673\n",
      "    3.42        -0.          -8.7723    ]\n",
      " [-66.64353042 -57.5232119    0.10501987  -0.2505061   -0.2505061\n",
      "   -3.18        -1.82        -7.5843    ]\n",
      " [ -0.09765005   0.10501987   0.14052946  -0.21884874  -0.21884874\n",
      "   -9.9372      -1.59        -0.        ]\n",
      " [  0.23292673  -0.2505061   -0.21884874   0.79957844   0.52202452\n",
      "    1.526       -3.815       -0.        ]\n",
      " [  0.23292673  -0.2505061   -0.21884874   0.52202452   0.79957844\n",
      "    1.526       -3.815       -0.        ]\n",
      " [ -3.42         3.18         9.9372      -1.526       -1.526\n",
      "    0.           0.           0.        ]\n",
      " [  0.           1.82         1.59         3.815        3.815\n",
      "    0.           0.           0.        ]\n",
      " [  8.7723       7.5843       0.           0.           0.\n",
      "    0.           0.           0.        ]]\n",
      "====================================================================================================\n",
      "Iteration 2\n",
      "\n",
      "f_k = -0.0402978362186795\n",
      "\n",
      "nabla f_k = [-5.62880905 -5.51683872 -0.09538788  0.14718573  0.14718573]\n",
      "\n",
      "nabla_xx^2 L_k = \n",
      "[[-2.14200874e+02 -2.10978816e+02 -1.03167205e-01  1.59189414e-01\n",
      "   1.59189414e-01]\n",
      " [-2.10978816e+02 -2.07669301e+02  8.90831334e-02 -1.62289470e-01\n",
      "  -1.62289470e-01]\n",
      " [-1.03167205e-01  8.90831334e-02  3.36935200e-01 -2.97870802e-01\n",
      "  -2.97870802e-01]\n",
      " [ 1.59189414e-01 -1.62289470e-01 -2.97870802e-01  6.68754103e-01\n",
      "   5.40087378e-01]\n",
      " [ 1.59189414e-01 -1.62289470e-01 -2.97870802e-01  5.40087378e-01\n",
      "   6.68754103e-01]]\n",
      "\n",
      "c_k = [ 2.54150778 -0.37297197  0.38361387]\n",
      "\n",
      "A_k = \n",
      "[[-4.44312192  4.35824933  4.22873258 -1.53887009 -1.53887009]\n",
      " [ 0.          1.1872563   2.17912466  3.84717524  3.84717524]\n",
      " [14.80599928 14.24575292  0.          0.          0.        ]]\n",
      "\n",
      "KKT_matrix = \n",
      "[[-2.14200874e+02 -2.10978816e+02 -1.03167205e-01  1.59189414e-01\n",
      "   1.59189414e-01  4.44312192e+00 -0.00000000e+00 -1.48059993e+01]\n",
      " [-2.10978816e+02 -2.07669301e+02  8.90831334e-02 -1.62289470e-01\n",
      "  -1.62289470e-01 -4.35824933e+00 -1.18725630e+00 -1.42457529e+01]\n",
      " [-1.03167205e-01  8.90831334e-02  3.36935200e-01 -2.97870802e-01\n",
      "  -2.97870802e-01 -4.22873258e+00 -2.17912466e+00 -0.00000000e+00]\n",
      " [ 1.59189414e-01 -1.62289470e-01 -2.97870802e-01  6.68754103e-01\n",
      "   5.40087378e-01  1.53887009e+00 -3.84717524e+00 -0.00000000e+00]\n",
      " [ 1.59189414e-01 -1.62289470e-01 -2.97870802e-01  5.40087378e-01\n",
      "   6.68754103e-01  1.53887009e+00 -3.84717524e+00 -0.00000000e+00]\n",
      " [-4.44312192e+00  4.35824933e+00  4.22873258e+00 -1.53887009e+00\n",
      "  -1.53887009e+00  0.00000000e+00  0.00000000e+00  0.00000000e+00]\n",
      " [ 0.00000000e+00  1.18725630e+00  2.17912466e+00  3.84717524e+00\n",
      "   3.84717524e+00  0.00000000e+00  0.00000000e+00  0.00000000e+00]\n",
      " [ 1.48059993e+01  1.42457529e+01  0.00000000e+00  0.00000000e+00\n",
      "   0.00000000e+00  0.00000000e+00  0.00000000e+00  0.00000000e+00]]\n",
      "====================================================================================================\n",
      "Iteration 3\n",
      "\n",
      "f_k = -0.0426232722963054\n",
      "\n",
      "nabla f_k = [-2.51497682 -2.35453379 -0.05917514  0.14659464  0.14659464]\n",
      "\n",
      "nabla_xx^2 L_k = \n",
      "[[-35.3070169  -36.04170892  -0.09039677   0.22394      0.22394   ]\n",
      " [-36.04170892 -36.49905851   0.08751379  -0.24021558  -0.24021558]\n",
      " [ -0.09039677   0.08751379  -0.26638918  -0.15242816  -0.15242816]\n",
      " [  0.22394     -0.24021558  -0.15242816   0.49139571   0.42487471]\n",
      " [  0.22394     -0.24021558  -0.15242816   0.42487471   0.49139571]]\n",
      "\n",
      "c_k = [ 5.45459526 -0.83316547  0.40483754]\n",
      "\n",
      "A_k = \n",
      "[[-2.92735542  2.7290153  13.87219297 -1.73605375 -1.73605375]\n",
      " [ 0.          2.15036377  1.36450765  4.34013438  4.34013438]\n",
      " [ 6.42705732  5.58564339  0.          0.          0.        ]]\n",
      "\n",
      "KKT_matrix = \n",
      "[[-35.3070169  -36.04170892  -0.09039677   0.22394      0.22394\n",
      "    2.92735542  -0.          -6.42705732]\n",
      " [-36.04170892 -36.49905851   0.08751379  -0.24021558  -0.24021558\n",
      "   -2.7290153   -2.15036377  -5.58564339]\n",
      " [ -0.09039677   0.08751379  -0.26638918  -0.15242816  -0.15242816\n",
      "  -13.87219297  -1.36450765  -0.        ]\n",
      " [  0.22394     -0.24021558  -0.15242816   0.49139571   0.42487471\n",
      "    1.73605375  -4.34013438  -0.        ]\n",
      " [  0.22394     -0.24021558  -0.15242816   0.42487471   0.49139571\n",
      "    1.73605375  -4.34013438  -0.        ]\n",
      " [ -2.92735542   2.7290153   13.87219297  -1.73605375  -1.73605375\n",
      "    0.           0.           0.        ]\n",
      " [  0.           2.15036377   1.36450765   4.34013438   4.34013438\n",
      "    0.           0.           0.        ]\n",
      " [  6.42705732   5.58564339   0.           0.           0.\n",
      "    0.           0.           0.        ]]\n",
      "====================================================================================================\n",
      "Iteration 4\n",
      "\n",
      "f_k = 0.354943552727779\n",
      "\n",
      "nabla f_k = [-0.72726098 -1.07356251 -0.18913867  0.56912199  0.56912199]\n",
      "\n",
      "nabla_xx^2 L_k = \n",
      "[[-1.45217816e+01 -1.25539861e+01  6.68073494e-03 -2.01024629e-02\n",
      "  -2.01024629e-02]\n",
      " [-1.25539861e+01 -1.11880227e+01 -1.22501515e-01  2.44163485e-02\n",
      "   2.44163485e-02]\n",
      " [ 6.68073494e-03 -1.22501515e-01  3.32697107e-01  1.23933450e-02\n",
      "   1.23933450e-02]\n",
      " [-2.01024629e-02  2.44163485e-02  1.23933450e-02  8.85050852e-01\n",
      "   5.34643823e-01]\n",
      " [-2.01024629e-02  2.44163485e-02  1.23933450e-02  5.34643823e-01\n",
      "   8.85050852e-01]]\n",
      "\n",
      "c_k = [ 0.58022498 -0.16859049  0.24015526]\n",
      "\n",
      "A_k = \n",
      "[[-2.39604115  1.9727081  11.32847029 -1.29160576 -1.29160576]\n",
      " [ 0.          1.94323358  0.98635405  3.22901441  3.22901441]\n",
      " [ 4.3057599   2.91868294  0.          0.          0.        ]]\n",
      "\n",
      "KKT_matrix = \n",
      "[[-1.45217816e+01 -1.25539861e+01  6.68073494e-03 -2.01024629e-02\n",
      "  -2.01024629e-02  2.39604115e+00 -0.00000000e+00 -4.30575990e+00]\n",
      " [-1.25539861e+01 -1.11880227e+01 -1.22501515e-01  2.44163485e-02\n",
      "   2.44163485e-02 -1.97270810e+00 -1.94323358e+00 -2.91868294e+00]\n",
      " [ 6.68073494e-03 -1.22501515e-01  3.32697107e-01  1.23933450e-02\n",
      "   1.23933450e-02 -1.13284703e+01 -9.86354050e-01 -0.00000000e+00]\n",
      " [-2.01024629e-02  2.44163485e-02  1.23933450e-02  8.85050853e-01\n",
      "   5.34643823e-01  1.29160576e+00 -3.22901441e+00 -0.00000000e+00]\n",
      " [-2.01024629e-02  2.44163485e-02  1.23933450e-02  5.34643823e-01\n",
      "   8.85050853e-01  1.29160576e+00 -3.22901441e+00 -0.00000000e+00]\n",
      " [-2.39604115e+00  1.97270810e+00  1.13284703e+01 -1.29160576e+00\n",
      "  -1.29160576e+00  0.00000000e+00  0.00000000e+00  0.00000000e+00]\n",
      " [ 0.00000000e+00  1.94323358e+00  9.86354050e-01  3.22901441e+00\n",
      "   3.22901441e+00  0.00000000e+00  0.00000000e+00  0.00000000e+00]\n",
      " [ 4.30575990e+00  2.91868294e+00  0.00000000e+00  0.00000000e+00\n",
      "   0.00000000e+00  0.00000000e+00  0.00000000e+00  0.00000000e+00]]\n",
      "====================================================================================================\n",
      "Iteration 5\n",
      "\n",
      "f_k = 0.626608178551904\n",
      "\n",
      "nabla f_k = [-0.65064294 -0.19028656  0.00846169 -0.05891695 -0.05891695]\n",
      "\n",
      "nabla_xx^2 L_k = \n",
      "[[ 4.1982156   0.21499114 -0.01800974  0.12539796  0.12539796]\n",
      " [ 0.21499114  1.56367793 -0.35011382  0.38283604  0.38283604]\n",
      " [-0.01800974 -0.35011382  0.25022791 -0.02594295 -0.02594295]\n",
      " [ 0.12539796  0.38283604 -0.02594295  0.03943037  1.65628833]\n",
      " [ 0.12539796  0.38283604 -0.02594295  1.65628833  0.03943037]]\n",
      "\n",
      "c_k = [ 2.87596576 -0.91561544  0.88633036]\n",
      "\n",
      "A_k = \n",
      "[[-0.95773371 -0.31370572 16.07285512 -0.6648642  -0.6648642 ]\n",
      " [ 0.          2.31465297 -0.15685286  1.6621605   1.6621605 ]\n",
      " [ 0.6879404   0.07380846  0.          0.          0.        ]]\n",
      "\n",
      "KKT_matrix = \n",
      "[[  4.1982156    0.21499114  -0.01800974   0.12539796   0.12539796\n",
      "    0.95773371  -0.          -0.6879404 ]\n",
      " [  0.21499114   1.56367793  -0.35011382   0.38283604   0.38283604\n",
      "    0.31370572  -2.31465297  -0.07380846]\n",
      " [ -0.01800974  -0.35011382   0.25022791  -0.02594295  -0.02594295\n",
      "  -16.07285512   0.15685286  -0.        ]\n",
      " [  0.12539796   0.38283604  -0.02594295   0.03943037   1.65628833\n",
      "    0.6648642   -1.6621605   -0.        ]\n",
      " [  0.12539796   0.38283604  -0.02594295   1.65628833   0.03943037\n",
      "    0.6648642   -1.6621605   -0.        ]\n",
      " [ -0.95773371  -0.31370572  16.07285512  -0.6648642   -0.6648642\n",
      "    0.           0.           0.        ]\n",
      " [  0.           2.31465297  -0.15685286   1.6621605    1.6621605\n",
      "    0.           0.           0.        ]\n",
      " [  0.6879404    0.07380846   0.           0.           0.\n",
      "    0.           0.           0.        ]]\n",
      "====================================================================================================\n",
      "Iteration 6\n",
      "\n",
      "f_k = -8.98492281283831\n",
      "\n",
      "nabla f_k = [ 4.15626444e+01  6.32410553e-01  2.51399289e-04 -2.04538679e-02\n",
      " -2.04538679e-02]\n",
      "\n",
      "nabla_xx^2 L_k = \n",
      "[[-2.25294707e+02 -1.31979946e+00 -1.42855908e-04  1.16227691e-02\n",
      "   1.16227691e-02]\n",
      " [-1.31979946e+00 -1.71739997e+01 -1.71780534e-01  9.40455476e-02\n",
      "   9.40455476e-02]\n",
      " [-1.42855908e-04 -1.71780534e-01 -4.53307824e-03 -9.82204309e-03\n",
      "  -9.82204309e-03]\n",
      " [ 1.16227691e-02  9.40455476e-02 -9.82204309e-03 -3.07090484e-04\n",
      "   1.65224536e+00]\n",
      " [ 1.16227691e-02  9.40455476e-02 -9.82204309e-03  1.65224536e+00\n",
      "  -3.07090484e-04]]\n",
      "\n",
      "c_k = [ 2.19371683 -0.45666226 -4.4688805 ]\n",
      "\n",
      "A_k = \n",
      "[[-3.52146306 -0.43520563 13.0233612  -0.05121763 -0.05121763]\n",
      " [ 0.          2.08353555 -0.21760282  0.12804408  0.12804408]\n",
      " [ 9.30052657  0.14205296  0.          0.          0.        ]]\n",
      "\n",
      "KKT_matrix = \n",
      "[[-2.25294707e+02 -1.31979946e+00 -1.42855908e-04  1.16227691e-02\n",
      "   1.16227691e-02  3.52146306e+00 -0.00000000e+00 -9.30052657e+00]\n",
      " [-1.31979946e+00 -1.71739997e+01 -1.71780534e-01  9.40455476e-02\n",
      "   9.40455476e-02  4.35205632e-01 -2.08353555e+00 -1.42052957e-01]\n",
      " [-1.42855908e-04 -1.71780534e-01 -4.53307814e-03 -9.82204309e-03\n",
      "  -9.82204309e-03 -1.30233612e+01  2.17602816e-01 -0.00000000e+00]\n",
      " [ 1.16227691e-02  9.40455476e-02 -9.82204309e-03 -3.07090384e-04\n",
      "   1.65224536e+00  5.12176337e-02 -1.28044084e-01 -0.00000000e+00]\n",
      " [ 1.16227691e-02  9.40455476e-02 -9.82204309e-03  1.65224536e+00\n",
      "  -3.07090384e-04  5.12176337e-02 -1.28044084e-01 -0.00000000e+00]\n",
      " [-3.52146306e+00 -4.35205632e-01  1.30233612e+01 -5.12176337e-02\n",
      "  -5.12176337e-02  0.00000000e+00  0.00000000e+00  0.00000000e+00]\n",
      " [ 0.00000000e+00  2.08353555e+00 -2.17602816e-01  1.28044084e-01\n",
      "   1.28044084e-01  0.00000000e+00  0.00000000e+00  0.00000000e+00]\n",
      " [ 9.30052657e+00  1.42052957e-01  0.00000000e+00  0.00000000e+00\n",
      "   0.00000000e+00  0.00000000e+00  0.00000000e+00  0.00000000e+00]]\n",
      "====================================================================================================\n",
      "Iteration 7\n",
      "\n",
      "f_k = 0.377104463301072\n",
      "\n",
      "nabla f_k = [ 5.51597963e+00 -5.03647616e-02 -3.00049486e-04  4.42622265e-03\n",
      "  4.42622265e-03]\n",
      "\n",
      "nabla_xx^2 L_k = \n",
      "[[-8.78904650e+01  3.74184466e-02  2.33586384e-04 -3.44578275e-03\n",
      "  -3.44578275e-03]\n",
      " [ 3.74184466e-02  6.54217923e-01  1.39428278e+00  3.65570112e-01\n",
      "   3.65570112e-01]\n",
      " [ 2.33586384e-04  1.39428278e+00  3.26626257e-01  2.15690850e-03\n",
      "   2.15690850e-03]\n",
      " [-3.44578275e-03  3.65570112e-01  2.15690850e-03  5.31075195e-02\n",
      "  -7.12714013e+00]\n",
