{
 "cells": [
  {
   "cell_type": "code",
   "execution_count": 44,
   "metadata": {},
   "outputs": [
    {
     "name": "stdout",
     "output_type": "stream",
     "text": [
      "\n",
      "Iteration 0:\n",
      "-----------------------------------------------------\n",
      "x_0 = [0. 0. 0. 0. 0.]\n",
      "B_0 = [[1. 0. 0. 0. 0.]\n",
      " [0. 1. 0. 0. 0.]\n",
      " [0. 0. 1. 0. 0.]\n",
      " [0. 0. 0. 1. 0.]\n",
      " [0. 0. 0. 0. 1.]]\n",
      "s_0 = [1. 1. 1. 1. 1.]\n",
      "y_0 = [2.28333332 1.44999999 1.09285714 0.88452381 0.74563492]\n",
      "ared = 1.7718254041071422, pred = 2.4999999999999996\n",
      "B_1 = [[ 2.13087193  0.39653951  0.08182561 -0.10175749 -0.22414623]\n",
      " [ 0.39653951  1.13904632  0.0286921  -0.0356812  -0.07859673]\n",
      " [ 0.08182561  0.0286921   1.00592059 -0.00736279 -0.01621837]\n",
      " [-0.10175749 -0.0356812  -0.00736279  1.00915629  0.020169  ]\n",
      " [-0.22414623 -0.07859673 -0.01621837  0.020169    1.04442725]]\n",
      "\n",
      "Iteration 1:\n",
      "-----------------------------------------------------\n",
      "x_1 = [1. 1. 1. 1. 1.]\n",
      "B_1 = [[ 2.13087193  0.39653951  0.08182561 -0.10175749 -0.22414623]\n",
      " [ 0.39653951  1.13904632  0.0286921  -0.0356812  -0.07859673]\n",
      " [ 0.08182561  0.0286921   1.00592059 -0.00736279 -0.01621837]\n",
      " [-0.10175749 -0.0356812  -0.00736279  1.00915629  0.020169  ]\n",
      " [-0.22414623 -0.07859673 -0.01621837  0.020169    1.04442725]]\n",
      "s_1 = [-0.55092344 -0.19318093 -0.03986276  0.04957289  0.10919663]\n",
      "y_1 = [-0.62656894 -0.32170704 -0.21604726 -0.16227942 -0.12974662]\n",
      "ared = 0.6342822263330339, pred = 0.41557581287640954\n",
      "B_2 = [[ 1.14475653  0.20391083  0.26679246  0.31528562  0.35258789]\n",
      " [ 0.20391083  1.10141806  0.06482369  0.04578438  0.03406304]\n",
      " [ 0.26679246  0.06482369  0.97122614 -0.08558806 -0.12439708]\n",
      " [ 0.31528562  0.04578438 -0.08558806  0.83278245 -0.22374058]\n",
      " [ 0.35258789  0.03406304 -0.12439708 -0.22374058  0.70712165]]\n",
      "\n",
      "Iteration 2:\n",
      "-----------------------------------------------------\n",
      "x_2 = [0.44907656 0.80681907 0.96013723 1.04957288 1.10919662]\n",
      "B_2 = [[ 1.14475653  0.20391083  0.26679246  0.31528562  0.35258789]\n",
      " [ 0.20391083  1.10141806  0.06482369  0.04578438  0.03406304]\n",
      " [ 0.26679246  0.06482369  0.97122614 -0.08558806 -0.12439708]\n",
      " [ 0.31528562  0.04578438 -0.08558806  0.83278245 -0.22374058]\n",
      " [ 0.35258789  0.03406304 -0.12439708 -0.22374058  0.70712165]]\n",
      "s_2 = [-1.         -0.04035572  0.62043608  1.          1.        ]\n",
      "y_2 = [-0.36336584  0.00832378  0.09018876  0.11319201  0.11801888]\n",
      "ared = 1.0751420624950474, pred = 1.0541216380044682\n",
      "B_3 = [[ 1.09916226  0.34618411  0.23242469  0.18446999  0.42109229]\n",
      " [ 0.34618411  0.65746562  0.17206558  0.45398416 -0.17969947]\n",
      " [ 0.23242469  0.17206558  0.94532061 -0.18419348 -0.07276026]\n",
      " [ 0.18446999  0.45398416 -0.18419348  0.45745608 -0.02719294]\n",
      " [ 0.42109229 -0.17969947 -0.07276026 -0.02719294  0.60419529]]\n",
      "\n",
      "Iteration 3:\n",
      "-----------------------------------------------------\n",
      "x_3 = [-0.55092344  0.76646335  1.58057331  2.04957288  2.10919662]\n",
      "B_3 = [[ 1.09916226  0.34618411  0.23242469  0.18446999  0.42109229]\n",
      " [ 0.34618411  0.65746562  0.17206558  0.45398416 -0.17969947]\n",
      " [ 0.23242469  0.17206558  0.94532061 -0.18419348 -0.07276026]\n",
      " [ 0.18446999  0.45398416 -0.18419348  0.45745608 -0.02719294]\n",
      " [ 0.42109229 -0.17969947 -0.07276026 -0.02719294  0.60419529]]\n",
      "s_3 = [-0.66181506 -1.27278972  0.87429036  2.          0.71840554]\n",
      "y_3 = [-0.36309869 -0.01686392  0.07201832  0.10121833  0.11022683]\n",
      "ared = 0.6140237113935165, pred = 0.5887368194978904\n",
      "B_4 = [[ 1.00310653  0.51122525  0.28619682  0.27651949  0.20628524]\n",
      " [ 0.51122525  0.37389504  0.07967531  0.29582644  0.18937796]\n",
      " [ 0.28619682  0.07967531  0.91521889 -0.23572292  0.04748904]\n",
      " [ 0.27651949  0.29582644 -0.23572292  0.36924571  0.17865509]\n",
      " [ 0.20628524  0.18937796  0.04748904  0.17865509  0.1238276 ]]\n",
      "\n",
      "Iteration 4:\n",
      "-----------------------------------------------------\n",
      "x_4 = [-1.2127385  -0.50632637  2.45486367  4.04957288  2.82760216]\n",
      "B_4 = [[ 1.00310653  0.51122525  0.28619682  0.27651949  0.20628524]\n",
      " [ 0.51122525  0.37389504  0.07967531  0.29582644  0.18937796]\n",
      " [ 0.28619682  0.07967531  0.91521889 -0.23572292  0.04748904]\n",
      " [ 0.27651949  0.29582644 -0.23572292  0.36924571  0.17865509]\n",
      " [ 0.20628524  0.18937796  0.04748904  0.17865509  0.1238276 ]]\n",
      "s_4 = [ 1.22321432 -4.         -0.17867565  0.41075568  4.        ]\n",
      "y_4 = [ 0.06634469 -0.01757728  0.01189083  0.03470369  0.04824001]\n",
      "ared = 1.042447699763299, pred = 1.0406359480222607\n",
      "B_5 = [[1.         0.5        0.33333333 0.25       0.2       ]\n",
      " [0.5        0.33333333 0.25       0.2        0.16666667]\n",
      " [0.33333333 0.25       0.19999999 0.16666667 0.14285714]\n",
      " [0.25       0.2        0.16666667 0.14285714 0.125     ]\n",
      " [0.2        0.16666667 0.14285714 0.125      0.11111111]]\n",
      "\n",
      "Iteration 5:\n",
      "-----------------------------------------------------\n",
      "x_5 = [ 0.01047582 -4.50632637  2.27618802  4.46032856  6.82760216]\n",
      "B_5 = [[1.         0.5        0.33333333 0.25       0.2       ]\n",
      " [0.5        0.33333333 0.25       0.2        0.16666667]\n",
      " [0.33333333 0.25       0.19999999 0.16666667 0.14285714]\n",
      " [0.25       0.2        0.16666667 0.14285714 0.125     ]\n",
      " [0.2        0.16666667 0.14285714 0.125      0.11111111]]\n",
      "s_5 = [ 1.94995595 -4.40190762 -8.          5.28405688  8.        ]\n",
      "y_5 = [ 0.00334969 -0.10217986 -0.0269583   0.0286394   0.06287878]\n",
      "ared = 1.2127506771555954, pred = 1.2127510947964442\n",
      "B_6 = [[1.         0.5        0.33333333 0.25       0.2       ]\n",
      " [0.5        0.33333333 0.25       0.2        0.16666667]\n",
      " [0.33333333 0.25       0.2        0.16666667 0.14285714]\n",
      " [0.25       0.2        0.16666667 0.14285714 0.125     ]\n",
      " [0.2        0.16666667 0.14285714 0.125      0.11111111]]\n",
      "\n",
      "Iteration 6:\n",
      "-----------------------------------------------------\n",
      "x_6 = [ 1.96043177 -8.90823399 -5.72381198  9.74438544 14.82760216]\n",
      "B_6 = [[1.         0.5        0.33333333 0.25       0.2       ]\n",
      " [0.5        0.33333333 0.25       0.2        0.16666667]\n",
      " [0.33333333 0.25       0.2        0.16666667 0.14285714]\n",
      " [0.25       0.2        0.16666667 0.14285714 0.125     ]\n",
      " [0.2        0.16666667 0.14285714 0.125      0.11111111]]\n",
      "s_6 = [ -1.12593236  10.66670899 -16.          -8.29632924  16.        ]\n",
      "y_6 = [ 6.49022913e-06  4.30131905e-06 -5.64079392e-03  2.14953721e-06\n",
      "  7.62069642e-03]\n",
      "ared = 0.9930662440083609, pred = 0.9930662440083085\n",
      "B_7 = [[1.         0.5        0.33333333 0.25       0.2       ]\n",
      " [0.5        0.33333333 0.25       0.2        0.16666667]\n",
      " [0.33333333 0.25       0.2        0.16666667 0.14285714]\n",
      " [0.25       0.2        0.16666667 0.14285714 0.125     ]\n",
      " [0.2        0.16666667 0.14285714 0.125      0.11111111]]\n",
      "\n",
      "Iteration 7:\n",
      "-----------------------------------------------------\n",
      "x_7 = [  0.83449941   1.758475   -21.72381198   1.4480562   30.82760216]\n",
      "B_7 = [[1.         0.5        0.33333333 0.25       0.2       ]\n",
      " [0.5        0.33333333 0.25       0.2        0.16666667]\n",
      " [0.33333333 0.25       0.2        0.16666667 0.14285714]\n",
      " [0.25       0.2        0.16666667 0.14285714 0.125     ]\n",
      " [0.2        0.16666667 0.14285714 0.125      0.11111111]]\n",
      "s_7 = [ -2.25186232  21.33337179 -32.         -16.59263044  32.        ]\n",
      "y_7 = [-6.98442770e-07  1.65846625e-08 -1.12876604e-02 -3.32037820e-07\n",
      "  1.52376804e-02]\n",
      "ared = 1.3495187313214565, pred = 1.3495187313214376\n",
      "B_8 = [[1.         0.5        0.33333333 0.25       0.2       ]\n",
      " [0.5        0.33333333 0.25       0.2        0.16666667]\n",
      " [0.33333333 0.25       0.2        0.16666667 0.14285714]\n",
      " [0.25       0.2        0.16666667 0.14285714 0.125     ]\n",
      " [0.2        0.16666667 0.14285714 0.125      0.11111111]]\n",
      "\n",
      "Iteration 8:\n",
      "-----------------------------------------------------\n",
      "x_8 = [ -1.41736291  23.09184679 -53.72381198 -15.14457424  62.82760216]\n",
      "B_8 = [[1.         0.5        0.33333333 0.25       0.2       ]\n",
      " [0.5        0.33333333 0.25       0.2        0.16666667]\n",
      " [0.33333333 0.25       0.2        0.16666667 0.14285714]\n",
      " [0.25       0.2        0.16666667 0.14285714 0.125     ]\n",
      " [0.2        0.16666667 0.14285714 0.125      0.11111111]]\n",
      "s_8 = [ -1.71405328  13.03431455   0.66590174 -64.          54.87467002]\n",
      "y_8 = [ 5.24826529e-06 -1.35051914e-06 -7.02019951e-03  5.80982348e-03\n",
      "  2.18894805e-02]\n",
      "ared = 0.7841195313144489, pred = 0.7841195313146211\n",
      "B_9 = [[1.         0.5        0.33333333 0.25       0.2       ]\n",
      " [0.5        0.33333333 0.25       0.2        0.16666667]\n",
      " [0.33333333 0.25       0.2        0.16666667 0.14285714]\n",
      " [0.25       0.2        0.16666667 0.14285714 0.125     ]\n",
      " [0.2        0.16666667 0.14285714 0.125      0.11111111]]\n",
      "\n",
      "Iteration 9:\n",
      "-----------------------------------------------------\n",
      "x_9 = [ -3.13141618  36.12616134 -53.05791024 -79.14457424 117.70227218]\n",
      "B_9 = [[1.         0.5        0.33333333 0.25       0.2       ]\n",
      " [0.5        0.33333333 0.25       0.2        0.16666667]\n",
      " [0.33333333 0.25       0.2        0.16666667 0.14285714]\n",
      " [0.25       0.2        0.16666667 0.14285714 0.125     ]\n",
      " [0.2        0.16666667 0.14285714 0.125      0.11111111]]\n",
      "s_9 = [   1.00065286  -19.20494646   84.00778553 -128.           62.99614011]\n",
      "y_9 = [ 2.83077906e-06 -1.93215424e-05 -1.33012295e-05 -7.25260158e-04\n",
      " -1.04957124e-05]\n",
      "ared = 0.6977538442464848, pred = 0.6977538442469744\n",
      "B_10 = [[1.         0.5        0.33333333 0.25       0.2       ]\n",
      " [0.5        0.33333333 0.25       0.2        0.16666667]\n",
      " [0.33333333 0.25       0.2        0.16666667 0.14285714]\n",
      " [0.25       0.2        0.16666667 0.14285714 0.125     ]\n",
      " [0.2        0.16666667 0.14285714 0.125      0.11111111]]\n",
      "\n",
      "Iteration 10:\n",
      "-----------------------------------------------------\n",
      "x_10 = [  -2.13076332   16.92121487   30.94987529 -207.14457424  180.69841229]\n",
      "B_10 = [[1.         0.5        0.33333333 0.25       0.2       ]\n",
      " [0.5        0.33333333 0.25       0.2        0.16666667]\n",
      " [0.33333333 0.25       0.2        0.16666667 0.14285714]\n",
      " [0.25       0.2        0.16666667 0.14285714 0.125     ]\n",
      " [0.2        0.16666667 0.14285714 0.125      0.11111111]]\n",
      "s_10 = [   2.00041583  -38.40057288  167.99946937 -256.          126.00061469]\n",
      "y_10 = [ 7.54473237e-05 -1.32561205e-05 -2.29244556e-05 -1.45079301e-03\n",
      " -1.98202081e-05]\n",
      "ared = 1.1212220015353722, pred = 1.12122200153224\n",
      "B_11 = [[1.         0.5        0.33333333 0.25       0.2       ]\n",
      " [0.5        0.33333333 0.25       0.2        0.16666667]\n",
      " [0.33333333 0.25       0.2        0.16666667 0.14285714]\n",
      " [0.25       0.2        0.16666667 0.14285714 0.125     ]\n",
      " [0.2        0.16666667 0.14285714 0.125      0.11111111]]\n",
      "\n",
      "Iteration 11:\n",
      "-----------------------------------------------------\n",
      "x_11 = [-1.30347495e-01 -2.14793580e+01  1.98949345e+02 -4.63144574e+02\n",
      "  3.06699027e+02]\n",
      "B_11 = [[1.         0.5        0.33333333 0.25       0.2       ]\n",
      " [0.5        0.33333333 0.25       0.2        0.16666667]\n",
      " [0.33333333 0.25       0.2        0.16666667 0.14285714]\n",
      " [0.25       0.2        0.16666667 0.14285714 0.125     ]\n",
      " [0.2        0.16666667 0.14285714 0.125      0.11111111]]\n",
      "s_11 = [   3.99866825  -76.77204492  335.92957873 -512.          252.0537913 ]\n",
      "y_11 = [-6.97080455e-05  1.23834116e-05  1.45070200e-04 -2.61203065e-03\n",
      "  3.09459287e-04]\n",
      "ared = 1.1452979448136205, pred = 1.1452979448200706\n",
      "B_12 = [[1.         0.5        0.33333333 0.25       0.2       ]\n",
      " [0.5        0.33333333 0.25       0.2        0.16666667]\n",
      " [0.33333333 0.25       0.2        0.16666667 0.14285714]\n",
      " [0.25       0.2        0.16666667 0.14285714 0.125     ]\n",
      " [0.2        0.16666667 0.14285714 0.125      0.11111111]]\n",
      "\n",
      "Iteration 12:\n",
      "-----------------------------------------------------\n",
      "x_12 = [   3.86832075  -98.25140292  534.87892339 -975.14457424  558.75281828]\n",
      "B_12 = [[1.         0.5        0.33333333 0.25       0.2       ]\n",
      " [0.5        0.33333333 0.25       0.2        0.16666667]\n",
      " [0.33333333 0.25       0.2        0.16666667 0.14285714]\n",
      " [0.25       0.2        0.16666667 0.14285714 0.125     ]\n",
      " [0.2        0.16666667 0.14285714 0.125      0.11111111]]\n",
      "s_12 = [   1.12947892  -21.72878815   95.08841614 -144.86072203   71.26944547]\n",
      "y_12 = [-6.78538596e-05  1.06179250e-05 -1.25154608e-04 -1.02672075e-03\n",
      " -2.72438194e-04]\n",
      "ared = 0.05854962152392318, pred = 0.05854962152781017\n",
      "B_13 = [[1.         0.5        0.33333333 0.25       0.2       ]\n",
      " [0.5        0.33333333 0.25       0.2        0.16666667]\n",
      " [0.33333333 0.25       0.2        0.16666667 0.14285714]\n",
      " [0.25       0.2        0.16666667 0.14285714 0.125     ]\n",
      " [0.2        0.16666667 0.14285714 0.125      0.11111111]]\n",
      "Optimal solution found @: [    4.99779967  -119.98019107   629.96733952 -1120.00529628\n",
      "   630.02226375]\n"
     ]
    }
   ],
   "source": [
    "import numpy as np\n",
    "from scipy.optimize import minimize\n",
    "\n",
    "# function\n",
    "def f(x, Q, b):\n",
    "    return 0.5 * x.T @ Q @ x - b.T @ x\n",
    "\n",
    "# gradient\n",
    "def grad_f(x, Q, b):\n",
    "    return Q @ x - b\n",
    "\n",
    "# SR1 update step for B\n",
    "def sr1_update(B, s, y):\n",
    "    B = B + np.outer(y - B @ s, y - B @ s) / ((y - B @ s).T @ s)\n",
    "    return B\n",
    "\n",
    "# SR1 algo\n",
    "def sr1(Q, b, x0, B0, delta0=1.0, eta=2e-4, r=0.5, epsilon=1e-4, max_iter=1000):\n",
    "    x = x0\n",
    "    B = B0\n",
    "    delta = delta0\n",
    "    k = 0\n",
    "    while np.linalg.norm(grad_f(x, Q, b)) > epsilon and k < max_iter:\n",
    "        print(f'\\nIteration {k}:')\n",
    "        print('-----------------------------------------------------')\n",
    "        print(f'x_{k} = {x}')\n",
    "        print(f'B_{k} = {B}')\n",
    "        # subproblem\n",
    "        res = minimize(lambda s: grad_f(x, Q, b).T @ s + 0.5 * s.T @ B @ s, x0=np.zeros_like(x), bounds=[(-delta, delta)]*len(x))\n",
    "        s = res.x\n",
    "        print(f's_{k} = {s}')\n",
    "        y = grad_f(x + s, Q, b) - grad_f(x, Q, b)\n",
    "        print(f'y_{k} = {y}')\n",
    "\n",
    "        ared = f(x, Q, b) - f(x + s, Q, b)\n",
    "        pred = -(grad_f(x, Q, b).T @ s + 0.5 * s.T @ B @ s)\n",
    "\n",
    "        print(f'ared = {ared}, pred = {pred}')\n",
    "\n",
    "        if ared / pred > eta:\n",
    "            x = x + s\n",
    "        if ared / pred > 0.75:\n",
    "            if np.linalg.norm(s) <= 0.8 * delta:\n",
    "                # same delta\n",
    "                delta = delta\n",
    "            else:\n",
    "                # double delta\n",
    "                delta = 2 * delta\n",
    "        elif 0.1 < ared / pred <= 0.75:\n",
    "            # same delta\n",
    "            delta = delta\n",
    "        else:\n",
    "            # delta half\n",
    "            delta = 0.5 * delta\n",
    "\n",
    "        B = sr1_update(B, s, y)\n",
    "\n",
    "        print(f'B_{k+1} = {B}')\n",
    "\n",
    "        k += 1\n",
    "\n",
    "    return x\n",
    "\n",
    "def Q_generator(n):\n",
    "    Q = np.zeros((n, n))\n",
    "    for i in range(n):\n",
    "        for j in range(n):\n",
    "            Q[i, j] = 1 / (i + j + 1)\n",
    "    return Q\n",
    "\n",
    "Q = Q_generator(5)\n",
    "b = np.ones(5)\n",
    "x0 = np.zeros(5)\n",
    "B0 = np.eye(5)\n",
    "\n",
    "x_opt = sr1(Q, b, x0, B0)\n",
    "print(f'Optimal solution found @: {x_opt}')\n"
   ]
  },
  {
   "cell_type": "code",
   "execution_count": 48,
   "metadata": {},
   "outputs": [
    {
     "name": "stdout",
     "output_type": "stream",
     "text": [
      "\n",
      "Iteration 0:\n",
      "-----------------------------------------------------\n",
      "x_0 = [0. 0.]\n",
      "B_0 = [[1. 0.]\n",
      " [0. 1.]]\n",
      "s_0 = [1. 1.]\n",
      "y_0 = [1.         1.99999999]\n",
      "ared = 0.500000005, pred = 1.0\n",
      "B_1 = [[0.83333333 0.16666667]\n",
      " [0.16666667 1.83333333]]\n",
      "\n",
      "Iteration 1:\n",
      "-----------------------------------------------------\n",
      "x_1 = [1. 1.]\n",
      "B_1 = [[0.83333333 0.16666667]\n",
      " [0.16666667 1.83333333]]\n",
      "s_1 = [ 0.11111068 -0.55555235]\n",
      "y_1 = [ 0.11111068 -1.1111047 ]\n",
      "ared = 0.24074113955595766, pred = 0.2777777727685321\n",
      "B_2 = [[ 0.85294125 -0.02941181]\n",
      " [-0.02941181  1.99411763]]\n",
      "\n",
      "Iteration 2:\n",
      "-----------------------------------------------------\n",
      "x_2 = [1.11111068 0.44444765]\n",
      "B_2 = [[ 0.85294125 -0.02941181]\n",
      " [-0.02941181  1.99411763]]\n",
      "s_2 = [-0.12841175  0.05382635]\n",
      "y_2 = [-0.12841175  0.1076527 ]\n",
      "ared = 0.0091062128376308, pred = 0.010123910057757283\n",
      "B_3 = [[ 0.98321288 -0.04004847]\n",
      " [-0.04004847  1.90445767]]\n",
      "\n",
      "Iteration 3:\n",
      "-----------------------------------------------------\n",
      "x_3 = [0.98269893 0.498274  ]\n",
      "B_3 = [[ 0.98321288 -0.04004847]\n",
      " [-0.04004847  1.90445767]]\n",
      "s_3 = [0.01768544 0.00218449]\n",
      "y_3 = [0.01768544 0.00436898]\n",
      "ared = 0.0001523585253438986, pred = 0.00015675900356424506\n",
      "B_4 = [[0.99886595 0.00918115]\n",
      " [0.00918115 1.92567029]]\n",
      "\n",
      "Iteration 4:\n",
      "-----------------------------------------------------\n",
      "x_4 = [1.00038437 0.50045849]\n",
      "B_4 = [[0.99886595 0.00918115]\n",
      " [0.00918115 1.92567029]]\n",
      "s_4 = [-0.00034992 -0.00047726]\n",
      "y_4 = [-0.00034992 -0.00095452]\n",
      "ared = 2.831352868826187e-07, pred = 2.9013674685894655e-07\n",
      "B_5 = [[0.98863343 0.00833376]\n",
      " [0.00833376 1.99388985]]\n",
      "Optimal solution found @: [1.00003445 0.49998123]\n"
     ]
    }
   ],
   "source": [
    "# DFP algo\n",
    "def dfp(Q, b, x0, B0, delta0=1.0, eta=2e-4, r=0.5, epsilon=1e-4, max_iter=1000):\n",
    "    x = x0\n",
    "    B = B0\n",
    "    delta = delta0\n",
    "    k = 0\n",
    "    while np.linalg.norm(grad_f(x, Q, b)) > epsilon and k < max_iter:\n",
    "        print(f'\\nIteration {k}:')\n",
    "        print('-----------------------------------------------------')\n",
    "        print(f'x_{k} = {x}')\n",
    "        print(f'B_{k} = {B}')\n",
    "        # subproblem\n",
    "        res = minimize(lambda s: grad_f(x, Q, b).T @ s + 0.5 * s.T @ B @ s, x0=np.zeros_like(x), bounds=[(-delta, delta)]*len(x))\n",
    "        s = res.x\n",
    "        print(f's_{k} = {s}')\n",
    "        y = grad_f(x + s, Q, b) - grad_f(x, Q, b)\n",
    "        print(f'y_{k} = {y}')\n",
    "\n",
    "        ared = f(x, Q, b) - f(x + s, Q, b)\n",
    "        pred = -(grad_f(x, Q, b).T @ s + 0.5 * s.T @ B @ s)\n",
    "\n",
    "        print(f'ared = {ared}, pred = {pred}')\n",
    "\n",
    "        if ared / pred > eta:\n",
    "            x = x + s\n",
    "        if ared / pred > 0.75:\n",
    "            if np.linalg.norm(s) <= 0.8 * delta:\n",
    "                # same delta\n",
    "                delta = delta\n",
    "            else:\n",
    "                # double delta\n",
    "                delta = 2 * delta\n",
    "        elif 0.1 < ared / pred <= 0.75:\n",
    "            # same delta\n",
    "            delta = delta\n",
    "        else:\n",
    "            # delta half\n",
    "            delta = 0.5 * delta\n",
    "\n",
    "        B = B + np.outer(y, y) / (y.T @ s) - B @ np.outer(s, s) @ B / (s.T @ B @ s)\n",
    "\n",
    "        print(f'B_{k+1} = {B}')\n",
    "\n",
    "        k += 1\n",
    "\n",
    "    return x\n",
    "\n",
    "# test for n=2\n",
    "Q = np.array([[1, 0], [0, 2]])\n",
    "b = np.array([1, 1])\n",
    "x0 = np.zeros(2)\n",
    "B0 = np.eye(2)\n",
    "\n",
    "x_opt = dfp(Q, b, x0, B0)\n",
    "print(f'Optimal solution found @: {x_opt}')\n"
   ]
  }
 ],
 "metadata": {
  "kernelspec": {
   "display_name": "jku_gpu",
   "language": "python",
   "name": "python3"
  },
  "language_info": {
   "codemirror_mode": {
    "name": "ipython",
    "version": 3
   },
   "file_extension": ".py",
   "mimetype": "text/x-python",
   "name": "python",
   "nbconvert_exporter": "python",
   "pygments_lexer": "ipython3",
   "version": "3.10.9"
  }
 },
 "nbformat": 4,
 "nbformat_minor": 2
}
